2017210141
2017210187
2017210197
2017210277
2017210383
2017210412
2017210434
2017210493
2017210514
2017210520
2017210528
2017210576
2017210631
2017210696
2017210734
2017210791
2017210802
2017210874
2017210976
2017211062
2017211075
2017211078
2017211127
2017211173
2017211174
2017211222
2017211225
2017211273
2017211276
2017211344
2017211353
2017211363
2017211481
2017211492
2017211511
2017211519
2017211521
2017211528
2017211552
2017211562
2017211574
2017211664
2017211675
2017211681
2017211687
2017211724
2017211738
2017211768
2017211796
2017211885
2017211940
2017211943
2017211944
2017212016
2017212034
2017212049
2017212114
2017212138
2017212159
2017212185
2017212214
2017212241
2017212251
2017212291
2017212304
2017212322
2017212332
2017212338
2017212348
2017212386
2017212389
2017212428
2017212534
2017212561
2017212567
2017212601
2017212629
2017212632
2017212644
2017212654
2017212660
2017212673
2017212679
2017212714
2017212722
2017212741
2017212748
2017212794
2017212843
2017212854
2017212869
2017212918
2017212929
2017212966
2017213007
2017213024
2017213054
2017213059
2017213061
2017213079
2017213112
2017213153
2017213154
2017213190
2017213196
2017213216
2017213241
2017213243
2017213245
2017213253
2017213273
2017213343
2017213384
2017213425
2017213446
2017213507
2017213511
2017213647
2017213650
2017213719
2017213739
2017213796
2017213808
2017213813
2017213879
2017213919
2017213938
2017213947
2017213979
2017214025
2017214084
2017214088
2017214100
2017214124
2017214125
2017214143
2017214156
2017214182
2017214234
2017214265
2017214284
2017214381
2017214384
2017214471
2017214518
2017214535
2017214556
2017214559
2017214585
2017214600
2017214628
2017214643
2017214648
2017214739
2017214741
2017214792
2017214796
2017214838
2017214887
2017214921
2017214964
2017215014
2017215033
2017215092
2017215111
2017215127
2017215138
2017215142
2017215177
2017215199
//
